image_width: 320
image_height: 240
camera_name: narrow_stereo
camera_matrix:
  rows: 3
  cols: 3
  data: [ 85.06774,  -0.66871, 160.38837,
           0.     ,  86.52213, 120.40751,
           0.     ,   0.     ,   1.     ]
distortion_model: equidistant
distortion_coefficients:
  rows: 1
  cols: 4
  data: [0.390577, -0.734294, 1.184806, -0.585783]
rectification_matrix:
  rows: 3
  cols: 3
  data: [1., 0., 0.,
         0., 1., 0.,
         0., 0., 1.]
projection_matrix:
  rows: 3
  cols: 4
  data: [ 85.06774,  -0.66871, 160.38837,   0.     ,
           0.     ,  86.52213, 120.40751,   0.     ,
           0.     ,   0.     ,   1.     ,   0.     ]
