image_width: 320
image_height: 240
camera_name: narrow_stereo
camera_matrix:
  rows: 3
  cols: 3
  data: [ 97.19807,   0.17688, 159.67215,
           0.     ,  97.40481, 120.25443,
           0.     ,   0.     ,   1.     ]
distortion_model: equidistant
distortion_coefficients:
  rows: 1
  cols: 4
  data: [-0.150987, 1.186688, -1.777750, 0.889400]
rectification_matrix:
  rows: 3
  cols: 3
  data: [1., 0., 0.,
         0., 1., 0.,
         0., 0., 1.]
projection_matrix:
  rows: 3
  cols: 4
  data: [ 97.19807,   0.17688, 159.67215,   0.     ,
           0.     ,  97.40481, 120.25443,   0.     ,
           0.     ,   0.     ,   1.     ,   0.     ]
